12345
471110419800154060181311
471110419800155330057111
471110419800156380000111
471110419800157950556111
471110419800158100005111
471110419800159690000111
471110419800161940000111
471110419800162500556111
471110419800163230048111
471110419800164710089111
471110419800165760004111
471110419800166450000111
471110419800167550000111
471110419800168780067111
471110419800169370006111
471110419800170910000111
471110419800171670388111
471110419800172370059111
471110419800173930035111
471110419800179710046111
471110419800180970000111
471110419800181380003111
471110419800182050489111
471110419800183980945111
471110419800184187465111
471110419800185500038111
471110419800186520895111
471110419800187300006111
471110419800188840057111
471110419800189300004111
471110419800190273335111
471110419800191140000111
471110419800192670565111
471110419800193370066111
471110419800194760003111
471110419800195391658111
471110419800196650000111
471110419800197760000111
471110419800198900599111
471110419800206140000111
471110419800207080696111
471110419800208780636111
471110419800209540076111
471110419800210720463111
471110419800211700000111
471110419800212620036111
471110419800213740399111
471110419800214420004111
471110419800215640439111
471110419800216083168611
471110419800217310000111
471110419800218050468111
471110419800219520000111
471110419800220080004111
471110419800221770000111
471110419800222910896111
471110419800223130086111
471110419800224080000111
471110419800225500493111
471110419900134540537111
471110419900136120677111
471110419900137420000111
471110419900139664983111
471110419900140960049111
471110419900141870000111
471110419900142970000111
471110419900143910993111
471110419900144980746114
471110419900145470643111
471110419900146810494111
471110419900147950683111
471110419900148610038111
471110419900149690000111
471110419900150140003111
471110419900151270437111
471110419900152040000111
471110419900153140000111
471110420000131400057111
471110420000133010089111
471110420000134650000111
471110420000135280495111
471110420000136770037111
471110420000137791658111
471110420000138060000111
471110420000139080009111
471110420000140310000111
471110420000141910476111
471110420000142510000111
471110420000144550696111
471110420000145820000111
471110420000146840037111
471110420100100506514111
471110420100101210000111
471110420100102740735111
471110420100103920033111
471110420100104400046111
471110420100105080089111
471110420100106840067111
471110420100107910076111
471110420100108920000111
471110420100109526373111
471110420100110454499211
471110420100111460643111
471110420100112380000111
471110420100113976373111
471110420100114580000111
471110420100115800067111
471110420100116700007114
471110420100117600033114
471110420100118600004114
471110420100119210037114
471110420100148620367111
471110420100149791834111
471110420100150250776111
471110420100151570038111
471110420100152690896111
471110420100153313357111
471110420100154694486111
471110420100155360004111
471110420100156060000111
471110420100157033168611
471110420100158180009111
471110420100159614787111
471110420100160430009111
471110420100161610000111
471110420100162770057111
471110420200092654674111
471110420200094090000111
471110420200095033177611
471110420200096300679111
471110420200097210008111
471110420200098930098111
471110420200099520093111
471110420200100520899111
471110420200101703761111
471110420200102360047111
471110420200103570076111
471110420200104580000111
471110420200106400034111
471110420200107729365111
471110420200108800036111
471110420200110240000111
471110420500046721816111
471110420500047260000111
471110420500048180008111
471110420500049690096111
471110420500050483168611
471110420500051720000111
471110420500052940067111
471110420500053230003111
471110420500054020000111
471110420500055180057111
471110420500056140009111
471110420500057620474111
471110420500058080053111
471110420500059530000111
471110420500060630056111
471110420500061780000111
471110420500062453165611
471110420500063990000111
471110420500064200977111
471110420500065860586111
471110420500077460000111
471110420500078103394111
471110420500079180033111
471110420500080940067111
471110420500081481816111
471110420500082690657111
471110420500083960866111
471110420500084653761111
471110420500085250007114
471110420500086350007114
471110420500087981868611
471110420500088650335111
471110420500089740000111
471110420500090800037111
471110420500091960688111
471110420500092090000111
